[1, 2, 2, 1, 0] Успешная запись!
[1, 2, 2, 1, 0] Успешная запись!
[1, 2, 1, 2, 0] Успешная запись!
[1, 2, 1, 0, 2] Успешная запись!
[1, 2, 1, 0, 2] Успешная запись!
[1, 1, 2, 0, 2] Успешная запись!
[1, 1, 0, 2, 2] Успешная запись!
[1, 1, 0, 2, 2] Успешная запись!
[1, 0, 1, 2, 2] Успешная запись!
[0, 1, 1, 2, 2] Успешная запись!
2023-02-22T00:47:39.158114900 

[3, 4, 4, 6, 0, 2, 6, 0]
[3, 4, 4, 6, 0, 2, 6, 0]
[3, 4, 4, 6, 0, 2, 6, 0]
[3, 4, 4, 0, 6, 2, 6, 0]
[3, 4, 4, 0, 2, 6, 6, 0]
[3, 4, 4, 0, 2, 6, 6, 0]
[3, 4, 4, 0, 2, 6, 0, 6]
[3, 4, 4, 0, 2, 6, 0, 6]
[3, 4, 4, 0, 2, 6, 0, 6]
[3, 4, 0, 4, 2, 6, 0, 6]
[3, 4, 0, 2, 4, 6, 0, 6]
[3, 4, 0, 2, 4, 6, 0, 6]
[3, 4, 0, 2, 4, 0, 6, 6]
[3, 4, 0, 2, 4, 0, 6, 6]
[3, 0, 4, 2, 4, 0, 6, 6]
[3, 0, 2, 4, 4, 0, 6, 6]
[3, 0, 2, 4, 4, 0, 6, 6]
[3, 0, 2, 4, 0, 4, 6, 6]
[0, 3, 2, 4, 0, 4, 6, 6]
[0, 2, 3, 4, 0, 4, 6, 6]
[0, 2, 3, 4, 0, 4, 6, 6]
[0, 2, 3, 0, 4, 4, 6, 6]
[0, 2, 3, 0, 4, 4, 6, 6]
[0, 2, 3, 0, 4, 4, 6, 6]
[0, 2, 0, 3, 4, 4, 6, 6]
[0, 2, 0, 3, 4, 4, 6, 6]
[0, 0, 2, 3, 4, 4, 6, 6]
[0, 0, 2, 3, 4, 4, 6, 6]
2023-02-24T12:55:14.121958700 

[0, 1, 1, 0, 1]
[0, 1, 1, 0, 1]
[0, 1, 0, 1, 1]
[0, 1, 0, 1, 1]
[0, 1, 0, 1, 1]
[0, 0, 1, 1, 1]
[0, 0, 1, 1, 1]
[0, 0, 1, 1, 1]
[0, 0, 1, 1, 1]
[0, 0, 1, 1, 1]
2023-02-24T12:56:55.497678800 

[1, 2, 4, 0, 5, 5]
[1, 2, 4, 0, 5, 5]
[1, 2, 0, 4, 5, 5]
[1, 2, 0, 4, 5, 5]
[1, 2, 0, 4, 5, 5]
[1, 2, 0, 4, 5, 5]
[1, 0, 2, 4, 5, 5]
[1, 0, 2, 4, 5, 5]
[1, 0, 2, 4, 5, 5]
[0, 1, 2, 4, 5, 5]
[0, 1, 2, 4, 5, 5]
[0, 1, 2, 4, 5, 5]
[0, 1, 2, 4, 5, 5]
[0, 1, 2, 4, 5, 5]
[0, 1, 2, 4, 5, 5]
2023-02-24T13:03:55.683309300 

